0 0
5.019081846575112138e+01 5.556715286142432930e-03
5.206974516947568077e+01 1.920616784526973930e-02
5.391092285970998432e+01 5.568823522256005631e-02
5.330937406409110224e+01 3.053035371782986118e-02
5.600051341291242579e+01 1.634254224298397062e-01
5.533564369143891781e+01 1.419644051920259109e-01
5.533564369143890360e+01 1.245363307908482486e-01
5.533564369143890360e+01 1.071082563896708084e-01
5.533564369143890360e+01 8.968018198849314615e-02
5.533564369143890360e+01 6.591462598688746510e-02
5.805844350318753300e+01 2.448824657656467618e-01
5.733025285585942754e+01 2.259360363976997688e-01
5.733025285585942754e+01 2.085079619965222175e-01
5.733025285585942754e+01 1.910798875953445553e-01
5.733025285585942754e+01 1.688987019938459344e-01
6.017969451931728031e+01 3.356896950232974852e-01
5.941984340906185480e+01 3.146607788036948072e-01
5.941984340906185480e+01 2.972327044025172560e-01
5.941984340906185480e+01 2.798046300013395937e-01
5.941984340906185480e+01 2.560390739997338017e-01
6.226928507251970757e+01 4.144040971740705626e-01
6.150943396226428206e+01 3.922949284089403132e-01
6.150943396226428206e+01 3.748668540077627620e-01
6.150943396226428206e+01 3.495169276060499097e-01
6.443802678304041365e+01 5.308613229849696857e-01
6.359902451546670932e+01 5.079539676167552642e-01
6.359902451546670932e+01 4.905258932155776019e-01
6.359902451546670932e+01 4.730978188144000507e-01
6.359902451546670932e+01 4.556697444132224994e-01
6.359902451546670932e+01 4.382416700120449482e-01
6.359902451546670932e+01 4.216057808109209271e-01
6.625850340136071281e+01 5.796107198034151642e-01
6.559363367988720483e+01 5.586538204201808577e-01
6.568861506866913658e+01 5.360765422186554163e-01
6.834809395456314007e+01 6.276459496612062372e-01
6.768322423308963209e+01 6.061849324233925529e-01
6.764251792361166338e+01 5.846827627076540690e-01
7.027485926985370668e+01 6.408147425971609801e-01
7.252727506096799459e+01 6.820186611194256621e-01
7.176742395071256908e+01 6.537160444266042481e-01
7.445404037625856120e+01 6.932687197721338901e-01
7.678560732469111372e+01 6.940514741959962208e-01
7.863322148266341571e+01 7.080373152874175346e-01
8.088563727377770363e+01 7.075126211938755905e-01
8.297522782698014510e+01 7.136340522851983836e-01
8.506481838018257235e+01 7.079447222120868188e-01
8.728592162554460288e+01 7.138002449845104458e-01
8.911248679442782361e+01 7.008815324913300060e-01
9.133359003978985413e+01 7.016072406116588001e-01
9.342318059299228139e+01 6.991586681751297272e-01
9.564428383835431191e+01 6.957018600294416766e-01
9.752321054207887130e+01 7.125357955305791080e-01
9.969195225259956317e+01 7.065043854847170568e-01
1.011799940101831368e+02 6.881100851955954667e-01
1.031239464339199259e+02 7.020393416298700284e-01
1.053908355795152971e+02 7.154344731944115576e-01
1.074804261327177102e+02 7.168748099217816527e-01
1.094071914480082484e+02 7.036802966871240628e-01
1.116596072391225647e+02 7.110414461759331228e-01
1.137491977923250062e+02 7.159385910489912686e-01
1.158387883455274192e+02 7.075606324181221707e-01
1.179283788987298607e+02 7.085928737394040500e-01
1.201494821440918912e+02 7.053705819583007131e-01
1.221075600051347152e+02 7.139221196306734241e-01
1.240656378661775392e+02 7.061221422763002131e-01
1.264182538036991588e+02 7.048424584915984337e-01
1.283763316647419970e+02 6.960539423405771586e-01
1.303867710606261880e+02 7.089709621303390552e-01
1.325555127711468799e+02 7.116175808668816494e-01
1.348079285622611678e+02 7.086597465160324738e-01
1.366555427202334272e+02 7.260029439314900079e-01
1.388242844307541191e+02 7.193953991946799853e-01
1.409138749839565889e+02 7.205476685765761502e-01
1.430034655371590020e+02 7.218439716312091692e-01
1.450930560903614150e+02 7.201155675583652549e-01
1.462454969409155296e+02 6.905790624024300550e-01
1.485123860865108441e+02 7.142822038125165029e-01
1.478475163650373361e+02 6.933253044292824185e-01
1.506019766397133139e+02 7.065523967089640811e-01
1.526915671929157270e+02 7.098891767940380682e-01
1.547811577461181400e+02 7.072245538484034366e-01
1.568707482993205531e+02 7.117616145396191696e-01
1.585930774825662297e+02 6.839247067219808018e-01
1.586279039917862406e+02 7.056041750301123017e-01
1.602358032161660049e+02 6.915145954005889051e-01
1.616782678238212725e+02 7.096565070150016030e-01
1.635194455140555760e+02 7.237164093767907147e-01
1.650391477345664271e+02 7.000228702115536272e-01
1.669659130498569652e+02 7.125075032020076193e-01
1.691296795447748309e+02 7.029371515232656353e-01
1.711450941562618482e+02 7.105270402018737386e-01
1.733975099473761361e+02 7.147143048307281754e-01
1.755662516578968848e+02 7.228342031312768867e-01
1.772658428723128736e+02 7.077286717029835916e-01
1.786621926398602227e+02 6.917409340291760245e-01
1.802235057545041172e+02 6.823931486685446135e-01
1.821357977153135721e+02 6.944775738111792496e-01
1.842838383539203164e+02 6.896081277213397254e-01
1.861250160441545631e+02 7.066484191574562423e-01
1.882146065973569762e+02 7.110414461759348992e-01
1.897343088178678840e+02 6.929812239888561987e-01
1.919030505283885759e+02 7.008510638297920092e-01
1.936650770613046006e+02 6.889378171674486184e-01
1.946733410345281641e+02 1.315523764344295188e-03
1.951482479784377801e+02 6.806503412284271581e-01
1.951482479784377801e+02 6.632222668272494959e-01
1.951482479784377801e+02 6.457941924260719446e-01
1.951482479784377801e+02 6.283661180248943934e-01
1.951482479784377801e+02 6.109380436237168421e-01
1.951482479784377801e+02 5.935099692225392909e-01
1.951482479784377801e+02 5.760818948213616286e-01
1.951482479784377801e+02 5.586538204201840774e-01
1.951482479784377801e+02 5.412257460190065261e-01
1.951482479784377801e+02 5.237976716178289749e-01
1.951482479784377801e+02 5.063695972166514236e-01
1.951482479784377801e+02 4.889415228154738724e-01
1.951482479784377801e+02 4.715134484142962101e-01
1.951482479784377801e+02 4.540853740131186589e-01
1.951482479784377801e+02 4.366572996119411076e-01
1.951482479784377801e+02 4.192292252107635564e-01
1.951482479784377801e+02 4.018011508095860052e-01
1.951482479784377801e+02 3.843730764084083429e-01
1.951482479784377801e+02 3.669450020072307916e-01
1.951482479784377801e+02 3.495169276060532404e-01
1.951482479784377801e+02 3.320888532048756892e-01
1.951482479784377801e+02 3.146607788036981379e-01
1.951482479784377801e+02 2.972327044025205867e-01
1.951482479784377801e+02 2.798046300013429244e-01
1.951482479784377801e+02 2.623765556001653731e-01
1.951482479784377801e+02 2.449484811989878219e-01
1.951482479784377801e+02 2.275204067978102707e-01
1.951482479784377801e+02 2.100923323966327194e-01
1.951482479784377801e+02 1.926642579954550571e-01
1.951482479784377801e+02 1.752361835942775059e-01
1.951482479784377801e+02 1.578081091931000657e-01
1.951482479784377801e+02 1.403800347919224034e-01
1.951482479784377801e+02 1.229519603907447411e-01
1.951482479784377801e+02 1.055238859895673009e-01
1.951482479784377801e+02 8.809581158838963866e-02
1.951482479784377801e+02 7.066773718721219844e-02
1.951482479784377801e+02 5.323966278603453617e-02
1.951482479784377801e+02 3.581158838485687390e-02
1.951482479784377801e+02 1.838351398367943368e-02
1.967629315877305771e+02 1.632543824483523309e-04
1.988525221409329902e+02 6.673722370278412086e-04
2.009421126941354601e+02 1.632543824485743755e-04
201 0
2001 0
